Profiling Info for Benchmark Initialization:
============================== Run Order ==============================
node type, first, avg_ms, %, cdf%, mem KB, times called, name
ModifyGraphWithDelegate, 1649.88, 842.759, 98.8097%, 98.8097%, 0, 2, ModifyGraphWithDelegate/0
AllocateTensors, 2.795, 10.1525, 1.19033%, 100%, 0, 2, AllocateTensors/0

============================== Top by Computation Time ==============================
node type, first, avg_ms, %, cdf%, mem KB, times called, name
ModifyGraphWithDelegate, 1649.88, 842.759, 98.8097%, 98.8097%, 0, 2, ModifyGraphWithDelegate/0
AllocateTensors, 2.795, 10.1525, 1.19033%, 100%, 0, 2, AllocateTensors/0

Number of nodes executed: 2
============================== Summary by node type ==============================
node type, count, avg_ms, avg %, cdf %, mem KB, times called
ModifyGraphWithDelegate, 1, 1685.52, 98.8097%, 98.8097%, 0, 2
AllocateTensors, 1, 20.305, 1.19033%, 100%, 0, 2

Timings (microseconds): count=1 curr=1705823
Memory (bytes): count=0
2 nodes observed


Operator-wise Profiling Info for Regular Benchmark Runs:
============================== Run Order ==============================
node type, first, avg_ms, %, cdf%, mem KB, times called, name
Transpose (ND, X32), 0.058, 0.0464, 0.00928064%, 0.00928064%, 0, 1, Delegate/Transpose (ND	 X32):1
CONV_2D, 0.028, 0.0258, 0.00516036%, 0.014441%, 0, 1, [convolution_130]:643
CONV_2D, 0.009, 0.009, 0.00180012%, 0.0162411%, 0, 1, [Add_234;convolution_94;convolution_110;Const_1]:629
CONV_2D, 0.03, 0.0294, 0.00588041%, 0.0221215%, 0, 1, [onnx_tf_prefix_/box_net/act_14/Relu;convolution_129]:639
CONV_2D, 0.047, 0.0518, 0.0103607%, 0.0324822%, 0, 1, [onnx_tf_prefix_/class_net/act_14/Relu;convolution_109]:625
CONV_2D, 0.032, 0.0376, 0.00752052%, 0.0400028%, 0, 1, [onnx_tf_prefix_/box_net/act_13/Relu;convolution_128]:635
CONV_2D, 0.085, 0.0614, 0.0122808%, 0.0522836%, 0, 1, [onnx_tf_prefix_/class_net/act_13/Relu;convolution_108]:621
Transpose (ND, X32), 0.003, 0.0046, 0.000920064%, 0.0532037%, 0, 1, Delegate/Transpose (ND	 X32):7
CONV_2D, 0.068, 0.0626, 0.0125209%, 0.0657246%, 0, 1, [convolution_126]:673
CONV_2D, 0.045, 0.0414, 0.00828057%, 0.0740051%, 0, 1, [Add_230;convolution_94;convolution_106;Const_1]:659
CONV_2D, 0.049, 0.0454, 0.00908063%, 0.0830858%, 0, 1, [onnx_tf_prefix_/box_net/act_12/Relu;convolution_127]:631
CONV_2D, 0.061, 0.0574, 0.0114808%, 0.0945665%, 0, 1, [onnx_tf_prefix_/class_net/act_12/Relu;convolution_107]:617
CONV_2D, 0.143, 0.0808, 0.0161611%, 0.110728%, 0, 1, [onnx_tf_prefix_/box_net/act_11/Relu;convolution_125]:669
CONV_2D, 0.084, 0.0836, 0.0167212%, 0.127449%, 0, 1, [onnx_tf_prefix_/class_net/act_11/Relu;convolution_105]:655
CONV_2D, 0.137, 0.103, 0.0206014%, 0.14805%, 0, 1, [convolution_902]:613
CONV_2D, 0.074, 0.0734, 0.014681%, 0.162731%, 0, 1, [onnx_tf_prefix_/box_net/act_10/Relu;convolution_124]:665
CONV_2D, 0.138, 0.158, 0.0316022%, 0.194333%, 0, 1, [onnx_tf_prefix_/class_net/act_10/Relu;convolution_104]:651
SUM, 0.018, 0.0184, 0.00368025%, 0.198014%, 0, 1, [onnx_tf_prefix_/fpn/cell/cell.3/fnode.7/combine/ReduceSum_1]:609
CONV_2D, 0.208, 0.1978, 0.0395627%, 0.237576%, 0, 1, [convolution_122]:703
CONV_2D, 0.107, 0.0998, 0.0199614%, 0.257538%, 0, 1, [Add_226;convolution_94;convolution_102;Const_1]:689
CONV_2D, 0.099, 0.0992, 0.0198414%, 0.277379%, 0, 1, [onnx_tf_prefix_/box_net/act_9/Relu;convolution_123]:661
CONV_2D, 0.145, 0.1458, 0.029162%, 0.306541%, 0, 1, [onnx_tf_prefix_/class_net/act_9/Relu;convolution_103]:647
PADV2, 0.014, 0.0148, 0.0029602%, 0.309501%, 0, 1, [PadV2_18]:602
CONV_2D, 0.24, 0.2636, 0.0527236%, 0.362225%, 0, 1, [onnx_tf_prefix_/box_net/act_8/Relu;convolution_121]:699
CONV_2D, 0.23, 0.2046, 0.0409228%, 0.403148%, 0, 1, [onnx_tf_prefix_/class_net/act_8/Relu;convolution_101]:685
CONV_2D, 0.187, 0.1664, 0.0332823%, 0.43643%, 0, 1, [convolution_891]:600
CONV_2D, 0.316, 0.3168, 0.0633644%, 0.499795%, 0, 1, [onnx_tf_prefix_/box_net/act_7/Relu;convolution_120]:695
CONV_2D, 0.473, 0.4372, 0.0874461%, 0.587241%, 0, 1, [onnx_tf_prefix_/class_net/act_7/Relu;convolution_100]:681
SUM, 0.074, 0.0742, 0.014841%, 0.602082%, 0, 1, [onnx_tf_prefix_/fpn/cell/cell.3/fnode.6/combine/ReduceSum_1]:596
CONV_2D, 0.801, 0.723, 0.14461%, 0.746692%, 0, 1, [convolution_118]:733
CONV_2D, 0.262, 0.2524, 0.0504835%, 0.797175%, 0, 1, [Add_222;convolution_94;convolution_98;Const_1]:719
CONV_2D, 0.342, 0.3236, 0.0647245%, 0.8619%, 0, 1, [onnx_tf_prefix_/box_net/act_6/Relu;convolution_119]:691
CONV_2D, 0.485, 0.4708, 0.0941665%, 0.956066%, 0, 1, [onnx_tf_prefix_/class_net/act_6/Relu;convolution_99]:677
PADV2, 0.031, 0.031, 0.00620043%, 0.962267%, 0, 1, [PadV2_17]:589
CONV_2D, 0.961, 0.8832, 0.176652%, 1.13892%, 0, 1, [onnx_tf_prefix_/box_net/act_5/Relu;convolution_117]:729
CONV_2D, 0.96, 0.909, 0.181813%, 1.32073%, 0, 1, [onnx_tf_prefix_/class_net/act_5/Relu;convolution_97]:715
CONV_2D, 0.661, 0.6152, 0.123049%, 1.44378%, 0, 1, [convolution_881]:587
CONV_2D, 1.223, 0.9578, 0.191573%, 1.63535%, 0, 1, [onnx_tf_prefix_/box_net/act_4/Relu;convolution_116]:725
CONV_2D, 1.817, 1.7916, 0.358345%, 1.9937%, 0, 1, [onnx_tf_prefix_/class_net/act_4/Relu;convolution_96]:711
SUM, 0.281, 0.282, 0.0564039%, 2.0501%, 0, 1, [onnx_tf_prefix_/fpn/cell/cell.3/fnode.5/combine/ReduceSum_1]:583
Transpose (ND, X32), 0.083, 0.0465333, 0.0279219%, 2.07802%, 0, 3, Delegate/Transpose (ND	 X32):13
Transpose (ND, X32), 0.029, 0.0169333, 0.0101607%, 2.08818%, 0, 3, Delegate/Transpose (ND	 X32):12
CONV_2D, 2.928, 2.7468, 0.549398%, 2.63758%, 0, 1, [convolution_1142]:763
CONV_2D, 0.937, 0.8986, 0.179732%, 2.81731%, 0, 1, [Add_218;convolution_94;Const_1]:749
CONV_2D, 1.138, 1.1622, 0.232456%, 3.04977%, 0, 1, [onnx_tf_prefix_/box_net/act_3/Relu;convolution_115]:721
CONV_2D, 2.065, 2.192, 0.43843%, 3.4882%, 0, 1, [onnx_tf_prefix_/class_net/act_3/Relu;convolution_95]:707
PADV2, 0.104, 0.074, 0.014801%, 3.503%, 0, 1, [PadV2_16]:576
CONV_2D, 3.474, 3.5156, 0.703169%, 4.20617%, 0, 1, [onnx_tf_prefix_/box_net/act_2/Relu;convolution_113]:759
CONV_2D, 4.037, 3.8778, 0.775614%, 4.98178%, 0, 1, [onnx_tf_prefix_/class_net/act_2/Relu;convolution_93]:745
CONV_2D, 3.208, 2.967, 0.593441%, 5.57523%, 0, 1, [convolution_871]:574
Transpose (ND, X32), 0.198, 0.0404, 0.0888862%, 5.66411%, 0, 11, Delegate/Transpose (ND	 X32):5
Constant Pad (ND, X32), 0.26, 0.0821818, 0.180813%, 5.84492%, 0, 11, Delegate/Constant Pad (ND	 X32):4
CONV_2D, 4.145, 3.9588, 0.791815%, 6.63674%, 0, 1, [onnx_tf_prefix_/box_net/act_1/Relu;convolution_112]:755
CONV_2D, 8.419, 8.9842, 1.79696%, 8.4337%, 0, 1, [onnx_tf_prefix_/class_net/act_1/Relu;convolution_92]:741
SUM, 1.131, 1.0946, 0.218935%, 8.65264%, 0, 1, [onnx_tf_prefix_/fpn/cell/cell.3/fnode.4/combine/ReduceSum_1]:570
Transpose (ND, X32), 0.091, 0.0383, 0.0306421%, 8.68328%, 0, 4, Delegate/Transpose (ND	 X32):11
Constant Pad (ND, X32), 0.08, 0.06495, 0.0519636%, 8.73524%, 0, 4, Delegate/Constant Pad (ND	 X32):10
Transpose (ND, X32), 0.097, 0.0379, 0.0303221%, 8.76557%, 0, 4, Delegate/Transpose (ND	 X32):9
Transpose (ND, X32), 0.168, 0.0491333, 0.117928%, 8.88349%, 0, 12, Delegate/Transpose (ND	 X32):8
Constant Pad (ND, X32), 0.154, 0.09985, 0.239657%, 9.12315%, 0, 12, Delegate/Constant Pad (ND	 X32):7
Transpose (ND, X32), 0.206, 0.0546769, 0.14217%, 9.26532%, 0, 13, Delegate/Transpose (ND	 X32):6
CONV_2D, 5.373, 5.6742, 1.13492%, 10.4002%, 0, 1, [onnx_tf_prefix_/box_net/act/Relu;convolution_111]:751
CONV_2D, 8.685, 9.602, 1.92053%, 12.3208%, 0, 1, [onnx_tf_prefix_/class_net/act/Relu;convolution_91]:737
PADV2, 0.209, 0.1764, 0.0352824%, 12.3561%, 0, 1, [PadV2_15]:563
CONV_2D, 12.902, 12.176, 2.43537%, 14.7914%, 0, 1, [convolution_861]:561
SUM, 3.621, 3.6872, 0.737491%, 15.5289%, 0, 1, [onnx_tf_prefix_/fpn/cell/cell.3/fnode.3/combine/ReduceSum_1]:557
RESIZE_NEAREST_NEIGHBOR, 0.117, 0.1288, 0.0257618%, 15.5547%, 0, 1, [ResizeNearestNeighbor_15]:548
CONV_2D, 2.655, 2.6616, 0.532357%, 16.087%, 0, 1, [convolution_851]:544
SUM, 0.897, 0.9324, 0.186493%, 16.2735%, 0, 1, [onnx_tf_prefix_/fpn/cell/cell.3/fnode.2/combine/ReduceSum_1]:540
RESIZE_NEAREST_NEIGHBOR, 0.048, 0.0334, 0.00668046%, 16.2802%, 0, 1, [ResizeNearestNeighbor_14]:531
CONV_2D, 0.672, 0.658, 0.131609%, 16.4118%, 0, 1, [convolution_841]:527
SUM, 0.225, 0.2274, 0.0454831%, 16.4573%, 0, 1, [onnx_tf_prefix_/fpn/cell/cell.3/fnode.1/combine/ReduceSum_1]:523
RESIZE_NEAREST_NEIGHBOR, 0.008, 0.0084, 0.00168012%, 16.459%, 0, 1, [ResizeNearestNeighbor_13]:514
CONV_2D, 0.185, 0.1838, 0.0367625%, 16.4957%, 0, 1, [convolution_831]:510
SUM, 0.057, 0.0592, 0.0118408%, 16.5076%, 0, 1, [onnx_tf_prefix_/fpn/cell/cell.3/fnode.0/combine/ReduceSum_1]:506
RESIZE_NEAREST_NEIGHBOR, 0.005, 0.0044, 0.000880061%, 16.5085%, 0, 1, [ResizeNearestNeighbor_12]:499
CONV_2D, 0.168, 0.1052, 0.0210415%, 16.5295%, 0, 1, [convolution_821]:495
SUM, 0.016, 0.0158, 0.00316022%, 16.5327%, 0, 1, [onnx_tf_prefix_/fpn/cell/cell.2/fnode.7/combine/ReduceSum_1]:491
PADV2, 0.013, 0.0138, 0.00276019%, 16.5354%, 0, 1, [PadV2_14]:484
CONV_2D, 0.211, 0.1924, 0.0384827%, 16.5739%, 0, 1, [convolution_811]:482
SUM, 0.065, 0.0648, 0.0129609%, 16.5869%, 0, 1, [onnx_tf_prefix_/fpn/cell/cell.2/fnode.6/combine/ReduceSum_1]:478
PADV2, 0.024, 0.0254, 0.00508035%, 16.5919%, 0, 1, [PadV2_13]:471
CONV_2D, 0.721, 0.7356, 0.14713%, 16.7391%, 0, 1, [convolution_801]:469
SUM, 0.286, 0.2662, 0.0532437%, 16.7923%, 0, 1, [onnx_tf_prefix_/fpn/cell/cell.2/fnode.5/combine/ReduceSum_1]:465
PADV2, 0.061, 0.057, 0.0114008%, 16.8037%, 0, 1, [PadV2_12]:458
CONV_2D, 3.169, 2.947, 0.589441%, 17.3932%, 0, 1, [convolution_791]:456
SUM, 1.102, 1.1104, 0.222095%, 17.6153%, 0, 1, [onnx_tf_prefix_/fpn/cell/cell.2/fnode.4/combine/ReduceSum_1]:452
PADV2, 0.159, 0.1574, 0.0314822%, 17.6467%, 0, 1, [PadV2_11]:445
CONV_2D, 11.699, 11.3264, 2.26544%, 19.9122%, 0, 1, [convolution_781]:443
SUM, 3.614, 3.734, 0.746852%, 20.659%, 0, 1, [onnx_tf_prefix_/fpn/cell/cell.2/fnode.3/combine/ReduceSum_1]:439
RESIZE_NEAREST_NEIGHBOR, 0.134, 0.14, 0.0280019%, 20.687%, 0, 1, [ResizeNearestNeighbor_11]:430
CONV_2D, 2.863, 2.6876, 0.537557%, 21.2246%, 0, 1, [convolution_771]:426
SUM, 0.904, 0.966, 0.193213%, 21.4178%, 0, 1, [onnx_tf_prefix_/fpn/cell/cell.2/fnode.2/combine/ReduceSum_1]:422
pad 0, 0.262, 0.2628, 0.0525636%, 21.4704%, 0, 1, Delegate/pad 0:0
transpose 1, 0.214, 0.215, 0.043003%, 21.5134%, 0, 1, Delegate/transpose 1:1
convolution_2d 2 -> relu 3, 5.552, 5.55, 1.11008%, 22.6234%, 0, 1, Delegate/convolution_2d 2 -> relu 3:2
transpose 4, 6.883, 6.9786, 1.39582%, 24.0193%, 0, 1, Delegate/transpose 4:3
pad 5, 1.186, 1.1906, 0.238136%, 24.2574%, 0, 1, Delegate/pad 5:4
transpose 6, 1.347, 1.3514, 0.270299%, 24.5277%, 0, 1, Delegate/transpose 6:5
pooling_2d 7, 0.857, 0.862, 0.172412%, 24.7001%, 0, 1, Delegate/pooling_2d 7:6
convolution_2d 8, 1.221, 1.2216, 0.244337%, 24.9444%, 0, 1, Delegate/convolution_2d 8:7
convolution_2d 9 -> relu 10, 0.097, 0.0968, 0.0193613%, 24.9638%, 0, 1, Delegate/convolution_2d 9 -> relu 10:8
transpose 11, 0.032, 0.0324, 0.00648045%, 24.9703%, 0, 1, Delegate/transpose 11:9
pad 12, 0.031, 0.0302, 0.00604042%, 24.9763%, 0, 1, Delegate/pad 12:10
transpose 13, 0.024, 0.0232, 0.00464032%, 24.981%, 0, 1, Delegate/transpose 13:11
convolution_2d 14 -> relu 15, 0.039, 0.0394, 0.00788055%, 24.9888%, 0, 1, Delegate/convolution_2d 14 -> relu 15:12
convolution_2d 16 -> add 17 -> relu 18, 0.941, 0.9528, 0.190573%, 25.1794%, 0, 1, Delegate/convolution_2d 16 -> add 17 -> relu 18:13
convolution_2d 19 -> relu 20, 1.447, 1.4552, 0.29106%, 25.4705%, 0, 1, Delegate/convolution_2d 19 -> relu 20:14
transpose 21, 0.292, 0.2912, 0.058244%, 25.5287%, 0, 1, Delegate/transpose 21:15
pad 22, 0.207, 0.2082, 0.0416429%, 25.5704%, 0, 1, Delegate/pad 22:16
transpose 23, 0.172, 0.171, 0.0342024%, 25.6046%, 0, 1, Delegate/transpose 23:17
convolution_2d 24 -> relu 25, 2.336, 2.3372, 0.467472%, 26.072%, 0, 1, Delegate/convolution_2d 24 -> relu 25:18
convolution_2d 26 -> add 27 -> relu 28, 1.287, 1.2892, 0.257858%, 26.3299%, 0, 1, Delegate/convolution_2d 26 -> add 27 -> relu 28:19
convolution_2d 29 -> relu 30, 1.47, 1.4714, 0.2943%, 26.6242%, 0, 1, Delegate/convolution_2d 29 -> relu 30:20
transpose 31, 0.633, 0.6318, 0.126369%, 26.7506%, 0, 1, Delegate/transpose 31:21
pad 32, 0.317, 0.317, 0.0634044%, 26.814%, 0, 1, Delegate/pad 32:22
transpose 33, 0.268, 0.2688, 0.0537637%, 26.8677%, 0, 1, Delegate/transpose 33:23
convolution_2d 34 -> relu 35, 2.569, 2.5218, 0.504395%, 27.3721%, 0, 1, Delegate/convolution_2d 34 -> relu 35:24
convolution_2d 36 -> add 37 -> relu 38, 0.969, 0.9728, 0.194573%, 27.5667%, 0, 1, Delegate/convolution_2d 36 -> add 37 -> relu 38:25
convolution_2d 39 -> relu 40, 1.01, 1.005, 0.201014%, 27.7677%, 0, 1, Delegate/convolution_2d 39 -> relu 40:26
transpose 41, 0.132, 0.132, 0.0264018%, 27.7941%, 0, 1, Delegate/transpose 41:27
pad 42, 0.094, 0.0946, 0.0189213%, 27.813%, 0, 1, Delegate/pad 42:28
transpose 43, 0.08, 0.08, 0.0160011%, 27.829%, 0, 1, Delegate/transpose 43:29
convolution_2d 44 -> relu 45, 0.457, 0.46, 0.0920064%, 27.9211%, 0, 1, Delegate/convolution_2d 44 -> relu 45:30
convolution_2d 46, 0.619, 0.6198, 0.123969%, 28.045%, 0, 1, Delegate/convolution_2d 46:31
convolution_2d 47 -> add 48 -> relu 49, 2.573, 2.5726, 0.514556%, 28.5596%, 0, 1, Delegate/convolution_2d 47 -> add 48 -> relu 49:32
convolution_2d 50 -> relu 51, 1.007, 1.0072, 0.201454%, 28.761%, 0, 1, Delegate/convolution_2d 50 -> relu 51:33
transpose 52, 0.084, 0.0848, 0.0169612%, 28.778%, 0, 1, Delegate/transpose 52:34
pad 53, 0.098, 0.0984, 0.0196814%, 28.7977%, 0, 1, Delegate/pad 53:35
transpose 54, 0.082, 0.0814, 0.0162811%, 28.814%, 0, 1, Delegate/transpose 54:36
convolution_2d 55 -> relu 56, 0.832, 0.8264, 0.165291%, 28.9792%, 0, 1, Delegate/convolution_2d 55 -> relu 56:37
convolution_2d 57 -> add 58 -> relu 59, 0.579, 0.581, 0.116208%, 29.0955%, 0, 1, Delegate/convolution_2d 57 -> add 58 -> relu 59:38
convolution_2d 60 -> relu 61, 1.005, 1.0062, 0.201254%, 29.2967%, 0, 1, Delegate/convolution_2d 60 -> relu 61:39
transpose 62, 0.102, 0.1008, 0.0201614%, 29.3169%, 0, 1, Delegate/transpose 62:40
pad 63, 0.118, 0.1184, 0.0236816%, 29.3406%, 0, 1, Delegate/pad 63:41
transpose 64, 0.098, 0.098, 0.0196014%, 29.3601%, 0, 1, Delegate/transpose 64:42
convolution_2d 65 -> relu 66, 2.458, 2.457, 0.491434%, 29.8516%, 0, 1, Delegate/convolution_2d 65 -> relu 66:43
convolution_2d 67 -> add 68 -> relu 69, 1.227, 1.225, 0.245017%, 30.0966%, 0, 1, Delegate/convolution_2d 67 -> add 68 -> relu 69:44
convolution_2d 70 -> relu 71, 0.436, 0.4322, 0.086446%, 30.183%, 0, 1, Delegate/convolution_2d 70 -> relu 71:45
transpose 72, 0.035, 0.0344, 0.00688048%, 30.1899%, 0, 1, Delegate/transpose 72:46
pad 73, 0.038, 0.0394, 0.00788055%, 30.1978%, 0, 1, Delegate/pad 73:47
transpose 74, 0.034, 0.0332, 0.00664046%, 30.2045%, 0, 1, Delegate/transpose 74:48
convolution_2d 75 -> relu 76, 0.759, 0.7584, 0.15169%, 30.3561%, 0, 1, Delegate/convolution_2d 75 -> relu 76:49
convolution_2d 77 -> add 78 -> relu 79, 1.189, 1.1892, 0.237856%, 30.594%, 0, 1, Delegate/convolution_2d 77 -> add 78 -> relu 79:50
convolution_2d 80, 1.005, 1.006, 0.201214%, 30.7952%, 0, 1, Delegate/convolution_2d 80:51
transpose 81 -> div 82, 0.158, 0.1572, 0.0314422%, 30.8267%, 0, 1, Delegate/transpose 81 -> div 82:52
convolution_2d 83 -> relu 84, 1.484, 1.4792, 0.29586%, 31.1225%, 0, 1, Delegate/convolution_2d 83 -> relu 84:53
transpose 85, 0.271, 0.2724, 0.0544838%, 31.177%, 0, 1, Delegate/transpose 85:54
pad 86, 0.165, 0.164, 0.0328023%, 31.2098%, 0, 1, Delegate/pad 86:55
transpose 87, 0.135, 0.1346, 0.0269219%, 31.2367%, 0, 1, Delegate/transpose 87:56
convolution_2d 88 -> relu 89, 1.49, 1.4658, 0.29318%, 31.5299%, 0, 1, Delegate/convolution_2d 88 -> relu 89:57
convolution_2d 90, 0.633, 0.6342, 0.126849%, 31.6567%, 0, 1, Delegate/convolution_2d 90:58
convolution_2d 91 -> add 92 -> relu 93, 2.551, 2.5516, 0.510355%, 32.1671%, 0, 1, Delegate/convolution_2d 91 -> add 92 -> relu 93:59
convolution_2d 94 -> relu 95, 0.613, 0.6114, 0.122288%, 32.2894%, 0, 1, Delegate/convolution_2d 94 -> relu 95:60
transpose 96, 0.026, 0.0256, 0.00512035%, 32.2945%, 0, 1, Delegate/transpose 96:61
pad 97, 0.029, 0.0286, 0.0057204%, 32.3002%, 0, 1, Delegate/pad 97:62
transpose 98, 0.027, 0.0266, 0.00532037%, 32.3056%, 0, 1, Delegate/transpose 98:63
convolution_2d 99 -> relu 100, 1.116, 1.1206, 0.224136%, 32.5297%, 0, 1, Delegate/convolution_2d 99 -> relu 100:64
convolution_2d 101 -> add 102 -> relu 103, 1.092, 1.0872, 0.217455%, 32.7471%, 0, 1, Delegate/convolution_2d 101 -> add 102 -> relu 103:65
convolution_2d 104 -> relu 105, 0.492, 0.4846, 0.0969267%, 32.8441%, 0, 1, Delegate/convolution_2d 104 -> relu 105:66
transpose 106, 0.029, 0.0288, 0.0057604%, 32.8498%, 0, 1, Delegate/transpose 106:67
pad 107, 0.02, 0.0208, 0.00416029%, 32.854%, 0, 1, Delegate/pad 107:68
transpose 108, 0.018, 0.0182, 0.00364025%, 32.8576%, 0, 1, Delegate/transpose 108:69
convolution_2d 109 -> relu 110, 0.461, 0.4602, 0.0920464%, 32.9497%, 0, 1, Delegate/convolution_2d 109 -> relu 110:70
convolution_2d 111 -> add 112 -> relu 113, 0.514, 0.514, 0.102807%, 33.0525%, 0, 1, Delegate/convolution_2d 111 -> add 112 -> relu 113:71
convolution_2d 114 -> relu 115, 0.48, 0.4764, 0.0952866%, 33.1478%, 0, 1, Delegate/convolution_2d 114 -> relu 115:72
transpose 116, 0.043, 0.0428, 0.00856059%, 33.1563%, 0, 1, Delegate/transpose 116:73
pad 117, 0.029, 0.0276, 0.00552038%, 33.1619%, 0, 1, Delegate/pad 117:74
transpose 118, 0.024, 0.0238, 0.00476033%, 33.1666%, 0, 1, Delegate/transpose 118:75
convolution_2d 119 -> relu 120, 0.611, 0.6102, 0.122048%, 33.2887%, 0, 1, Delegate/convolution_2d 119 -> relu 120:76
convolution_2d 121 -> add 122 -> relu 123, 0.515, 0.5134, 0.102687%, 33.3913%, 0, 1, Delegate/convolution_2d 121 -> add 122 -> relu 123:77
convolution_2d 124 -> relu 125, 1.617, 1.6176, 0.323542%, 33.7149%, 0, 1, Delegate/convolution_2d 124 -> relu 125:78
transpose 126, 0.064, 0.065, 0.0130009%, 33.7279%, 0, 1, Delegate/transpose 126:79
pad 127, 0.082, 0.0828, 0.0165611%, 33.7445%, 0, 1, Delegate/pad 127:80
transpose 128, 0.071, 0.071, 0.014201%, 33.7587%, 0, 1, Delegate/transpose 128:81
convolution_2d 129 -> relu 130, 1.487, 1.4926, 0.298541%, 34.0572%, 0, 1, Delegate/convolution_2d 129 -> relu 130:82
convolution_2d 131 -> add 132 -> relu 133, 0.466, 0.4648, 0.0929664%, 34.1502%, 0, 1, Delegate/convolution_2d 131 -> add 132 -> relu 133:83
convolution_2d 134 -> relu 135, 0.445, 0.4476, 0.0895262%, 34.2397%, 0, 1, Delegate/convolution_2d 134 -> relu 135:84
transpose 136, 0.014, 0.0144, 0.0028802%, 34.2426%, 0, 1, Delegate/transpose 136:85
pad 137, 0.018, 0.0184, 0.00368025%, 34.2462%, 0, 1, Delegate/pad 137:86
transpose 138, 0.017, 0.0162, 0.00324022%, 34.2495%, 0, 1, Delegate/transpose 138:87
convolution_2d 139 -> relu 140, 0.354, 0.3522, 0.0704449%, 34.3199%, 0, 1, Delegate/convolution_2d 139 -> relu 140:88
convolution_2d 141 -> add 142 -> relu 143, 0.585, 0.5858, 0.117168%, 34.4371%, 0, 1, Delegate/convolution_2d 141 -> add 142 -> relu 143:89
convolution_2d 144 -> relu 145, 1.62, 1.6178, 0.323582%, 34.7607%, 0, 1, Delegate/convolution_2d 144 -> relu 145:90
transpose 146, 0.093, 0.093, 0.0186013%, 34.7793%, 0, 1, Delegate/transpose 146:91
pad 147, 0.069, 0.0694, 0.013881%, 34.7932%, 0, 1, Delegate/pad 147:92
transpose 148, 0.061, 0.0614, 0.0122808%, 34.8055%, 0, 1, Delegate/transpose 148:93
convolution_2d 149 -> relu 150, 1.542, 1.5352, 0.307061%, 35.1125%, 0, 1, Delegate/convolution_2d 149 -> relu 150:94
convolution_2d 151, 1.294, 1.2938, 0.258778%, 35.3713%, 0, 1, Delegate/convolution_2d 151:95
convolution_2d 152 -> add 153 -> relu 154, 3.069, 3.0686, 0.613762%, 35.9851%, 0, 1, Delegate/convolution_2d 152 -> add 153 -> relu 154:96
convolution_2d 155 -> relu 156, 1.353, 1.3528, 0.270579%, 36.2556%, 0, 1, Delegate/convolution_2d 155 -> relu 156:97
transpose 157, 0.02, 0.02, 0.00400028%, 36.2596%, 0, 1, Delegate/transpose 157:98
pad 158, 0.026, 0.0254, 0.00508035%, 36.2647%, 0, 1, Delegate/pad 158:99
transpose 159, 0.024, 0.0238, 0.00476033%, 36.2695%, 0, 1, Delegate/transpose 159:100
convolution_2d 160 -> relu 161, 1.83, 1.8302, 0.366065%, 36.6355%, 0, 1, Delegate/convolution_2d 160 -> relu 161:101
convolution_2d 162 -> add 163 -> relu 164, 1.305, 1.3058, 0.261178%, 36.8967%, 0, 1, Delegate/convolution_2d 162 -> add 163 -> relu 164:102
convolution_2d 165 -> relu 166, 1.344, 1.3386, 0.267739%, 37.1645%, 0, 1, Delegate/convolution_2d 165 -> relu 166:103
transpose 167, 0.019, 0.0192, 0.00384027%, 37.1683%, 0, 1, Delegate/transpose 167:104
pad 168, 0.024, 0.024, 0.00480033%, 37.1731%, 0, 1, Delegate/pad 168:105
transpose 169, 0.02, 0.02, 0.00400028%, 37.1771%, 0, 1, Delegate/transpose 169:106
convolution_2d 170 -> relu 171, 0.741, 0.7432, 0.14865%, 37.3257%, 0, 1, Delegate/convolution_2d 170 -> relu 171:107
convolution_2d 172 -> add 173 -> relu 174, 0.438, 0.44, 0.0880061%, 37.4137%, 0, 1, Delegate/convolution_2d 172 -> add 173 -> relu 174:108
convolution_2d 175, 0.632, 0.6578, 0.131569%, 37.5453%, 0, 1, Delegate/convolution_2d 175:109
transpose 176, 0.012, 0.0126, 0.00252017%, 37.5478%, 0, 1, Delegate/transpose 176:110
pad 177, 0.013, 0.0138, 0.00276019%, 37.5506%, 0, 1, Delegate/pad 177:111
transpose 178, 0.013, 0.0118, 0.00236016%, 37.553%, 0, 1, Delegate/transpose 178:112
pooling_2d 179, 0.009, 0.0084, 0.00168012%, 37.5546%, 0, 1, Delegate/pooling_2d 179:113
transpose 180, 0.007, 0.0078, 0.00156011%, 37.5562%, 0, 1, Delegate/transpose 180:114
pad 181, 0.008, 0.0088, 0.00176012%, 37.558%, 0, 1, Delegate/pad 181:115
transpose 182, 0.006, 0.0054, 0.00108007%, 37.559%, 0, 1, Delegate/transpose 182:116
pooling_2d 183, 0.005, 0.005, 0.00100007%, 37.56%, 0, 1, Delegate/pooling_2d 183:117
transpose 184 -> div 185, 0.005, 0.0058, 0.00116008%, 37.5612%, 0, 1, Delegate/transpose 184 -> div 185:118
mul 186, 0.005, 0.0042, 0.000840058%, 37.562%, 0, 1, Delegate/mul 186:119
div 187, 0.005, 0.0058, 0.00116008%, 37.5632%, 0, 1, Delegate/div 187:120
convolution_2d 188, 0.557, 0.5744, 0.114888%, 37.6781%, 0, 1, Delegate/convolution_2d 188:121
transpose 189 -> div 190, 0.012, 0.0122, 0.00244017%, 37.6805%, 0, 1, Delegate/transpose 189 -> div 190:122
convolution_2d 191, 0.567, 0.59, 0.118008%, 37.7985%, 0, 1, Delegate/convolution_2d 191:123
transpose 192 -> div 193, 0.013, 0.0126, 0.00252017%, 37.8011%, 0, 1, Delegate/transpose 192 -> div 193:124
convolution_2d 194, 0.611, 0.6098, 0.121968%, 37.923%, 0, 1, Delegate/convolution_2d 194:125
transpose 195 -> div 196, 0.028, 0.0282, 0.00564039%, 37.9287%, 0, 1, Delegate/transpose 195 -> div 196:126
convolution_2d 197, 0.609, 0.6104, 0.122088%, 38.0508%, 0, 1, Delegate/convolution_2d 197:127
transpose 198 -> mul 199, 0.028, 0.0282, 0.00564039%, 38.0564%, 0, 1, Delegate/transpose 198 -> mul 199:128
resize 200, 0.003, 0.004, 0.000800055%, 38.0572%, 0, 1, Delegate/resize 200:129
transpose 201 -> mul 202, 0.008, 0.008, 0.00160011%, 38.0588%, 0, 1, Delegate/transpose 201 -> mul 202:130
Copy (NC, X32), 3.417, 2.4708, 0.494194%, 38.553%, 0, 1, Delegate/Copy (NC	 X32):0
Copy (NC, X32), 0.007, 0.0074, 0.0014801%, 38.5545%, 0, 1, Delegate/Copy (NC	 X32):1
Copy (NC, X32), 0.007, 0.0251357, 0.14077%, 38.6952%, 0, 28, Delegate/Copy (NC	 X32):2
Copy (NC, X32), 0.007, 0.0076, 0.00152011%, 38.6968%, 0, 1, Delegate/Copy (NC	 X32):3
Copy (NC, X32), 0.015, 0.00501538, 0.0260818%, 38.7228%, 0, 26, Delegate/Copy (NC	 X32):4
Copy (NC, X32), 0.015, 1.84906, 11.8348%, 50.5577%, 0, 32, Delegate/Copy (NC	 X32):5
Copy (NC, X32), 0.049, 9.05171, 28.9675%, 79.5251%, 0, 16, Delegate/Copy (NC	 X32):6
Copy (NC, X32), 0.049, 0.0524, 0.0104807%, 79.5356%, 0, 1, Delegate/Copy (NC	 X32):7
Copy (NC, X32), 0.007, 0.0076, 0.00152011%, 79.5371%, 0, 1, Delegate/Copy (NC	 X32):8
Copy (NC, X32), 0.432, 0.8612, 0.172252%, 79.7094%, 0, 1, Delegate/Copy (NC	 X32):9
SUM, 0.388, 0.3232, 0.0646445%, 79.774%, 0, 1, [onnx_tf_prefix_/fpn/cell/cell.0/fnode.0/combine/ReduceSum_1]:164
Clamp (NC, F32), 0.093, 0.162581, 1.04059%, 80.8146%, 0, 32, Delegate/Clamp (NC	 F32):0
Constant Pad (ND, X32), 0.048, 0.132155, 1.05731%, 81.8719%, 0, 40, Delegate/Constant Pad (ND	 X32):1
Transpose (ND, X32), 0.022, 0.0600607, 0.672727%, 82.5447%, 0, 56, Delegate/Transpose (ND	 X32):2
CONV_2D, 1.648, 1.7792, 0.355865%, 82.9005%, 0, 1, [convolution_541]:168
RESIZE_NEAREST_NEIGHBOR, 0.045, 0.0474, 0.00948066%, 82.91%, 0, 1, [ResizeNearestNeighbor_1]:172
Transpose (ND, X32), 1.303, 0.250377, 2.6041%, 85.5141%, 0, 52, Delegate/Transpose (ND	 X32):0
Divide (ND, F32), 0.046, 0.0728462, 0.378826%, 85.8929%, 0, 26, Delegate/Divide (ND	 F32):1
Transpose (ND, X32), 0.035, 0.0883692, 0.459552%, 86.3525%, 0, 26, Delegate/Transpose (ND	 X32):3
Divide (ND, F32), 0.177, 0.21604, 0.648165%, 87.0007%, 0, 15, Delegate/Divide (ND	 F32):4
SUM, 1.248, 1.129, 0.225816%, 87.2265%, 0, 1, [onnx_tf_prefix_/fpn/cell/cell.0/fnode.1/combine/ReduceSum_1]:177
CONV_2D, 1.564, 2.4172, 0.483473%, 87.7099%, 0, 1, [convolution_561]:181
RESIZE_NEAREST_NEIGHBOR, 0.165, 0.1548, 0.0309621%, 87.7409%, 0, 1, [ResizeNearestNeighbor_2]:185
SUM, 5.138, 4.1386, 0.827777%, 88.5687%, 0, 1, [onnx_tf_prefix_/fpn/cell/cell.0/fnode.2/combine/ReduceSum_1]:190
CONV_2D, 3.462, 4.8982, 0.979708%, 89.5484%, 0, 1, [convolution_581]:194
RESIZE_NEAREST_NEIGHBOR, 0.273, 0.2458, 0.0491634%, 89.5976%, 0, 1, [ResizeNearestNeighbor_3]:198
Multiply (ND, F32), 0.1, 0.0864, 0.0172812%, 89.6148%, 0, 1, Delegate/Multiply (ND	 F32):1
SUM, 5.24, 5.093, 1.01867%, 90.6335%, 0, 1, [onnx_tf_prefix_/fpn/cell/cell.0/fnode.3/combine/ReduceSum_1]:203
CONV_2D, 9.425, 12.8318, 2.56654%, 93.2001%, 0, 1, [convolution_601]:207
PADV2, 0.17, 0.1794, 0.0358825%, 93.2359%, 0, 1, [PadV2_3]:209
Max Pooling (NHWC, F32), 0.119, 0.0369, 0.118088%, 93.354%, 0, 16, Delegate/Max Pooling (NHWC	 F32):1
Multiply (ND, F32), 0.041, 0.0438, 0.00876061%, 93.3628%, 0, 1, Delegate/Multiply (ND	 F32):3
SUM, 1.105, 1.102, 0.220415%, 93.5832%, 0, 1, [onnx_tf_prefix_/fpn/cell/cell.0/fnode.4/combine/ReduceSum_1]:216
CONV_2D, 2.366, 2.757, 0.551438%, 94.1346%, 0, 1, [convolution_621]:220
RESIZE_NEAREST_NEIGHBOR, 0.03, 0.03, 0.00600042%, 94.1406%, 0, 1, [ResizeNearestNeighbor_10]:413
CONV_2D, 0.672, 0.6576, 0.131529%, 94.2722%, 0, 1, [convolution_761]:409
SUM, 0.262, 0.2398, 0.0479633%, 94.3201%, 0, 1, [onnx_tf_prefix_/fpn/cell/cell.2/fnode.1/combine/ReduceSum_1]:405
RESIZE_NEAREST_NEIGHBOR, 0.009, 0.009, 0.00180012%, 94.3219%, 0, 1, [ResizeNearestNeighbor_9]:396
CONV_2D, 0.373, 0.251, 0.0502035%, 94.3721%, 0, 1, [convolution_751]:392
SUM, 0.058, 0.0632, 0.0126409%, 94.3848%, 0, 1, [onnx_tf_prefix_/fpn/cell/cell.2/fnode.0/combine/ReduceSum_1]:388
RESIZE_NEAREST_NEIGHBOR, 0.004, 0.0048, 0.000960066%, 94.3857%, 0, 1, [ResizeNearestNeighbor_8]:381
CONV_2D, 0.091, 0.0824, 0.0164811%, 94.4022%, 0, 1, [convolution_741]:377
SUM, 0.015, 0.0156, 0.00312022%, 94.4053%, 0, 1, [onnx_tf_prefix_/fpn/cell/cell.1/fnode.7/combine/ReduceSum_1]:373
PADV2, 0.013, 0.0128, 0.00256018%, 94.4079%, 0, 1, [PadV2_10]:366
CONV_2D, 0.192, 0.1872, 0.0374426%, 94.4453%, 0, 1, [convolution_731]:364
SUM, 0.061, 0.0628, 0.0125609%, 94.4579%, 0, 1, [onnx_tf_prefix_/fpn/cell/cell.1/fnode.6/combine/ReduceSum_1]:360
PADV2, 0.024, 0.0244, 0.00488034%, 94.4628%, 0, 1, [PadV2_9]:353
CONV_2D, 0.683, 0.7024, 0.14049%, 94.6033%, 0, 1, [convolution_721]:351
SUM, 0.243, 0.2494, 0.0498835%, 94.6531%, 0, 1, [onnx_tf_prefix_/fpn/cell/cell.1/fnode.5/combine/ReduceSum_1]:347
PADV2, 0.059, 0.0554, 0.0110808%, 94.6642%, 0, 1, [PadV2_8]:340
CONV_2D, 3.181, 2.854, 0.57084%, 95.2351%, 0, 1, [convolution_711]:338
SUM, 1.104, 1.0794, 0.215895%, 95.451%, 0, 1, [onnx_tf_prefix_/fpn/cell/cell.1/fnode.4/combine/ReduceSum_1]:334
Divide (ND, F32), 0.083, 0.0277167, 0.133049%, 95.584%, 0, 24, Delegate/Divide (ND	 F32):3
PADV2, 0.057, 0.058, 0.0116008%, 95.5956%, 0, 1, [PadV2_4]:222
SUM, 0.24, 0.2406, 0.0481233%, 95.6437%, 0, 1, [onnx_tf_prefix_/fpn/cell/cell.0/fnode.5/combine/ReduceSum_1]:229
CONV_2D, 0.688, 0.6918, 0.13837%, 95.7821%, 0, 1, [convolution_641]:233
PADV2, 0.024, 0.0252, 0.00504035%, 95.7871%, 0, 1, [PadV2_5]:235
SUM, 0.06, 0.0644, 0.0128809%, 95.8%, 0, 1, [onnx_tf_prefix_/fpn/cell/cell.0/fnode.6/combine/ReduceSum_1]:242
CONV_2D, 0.561, 0.2606, 0.0521236%, 95.8521%, 0, 1, [convolution_651]:246
PADV2, 0.013, 0.014, 0.00280019%, 95.8549%, 0, 1, [PadV2_6]:248
SUM, 0.016, 0.0154, 0.00308021%, 95.858%, 0, 1, [onnx_tf_prefix_/fpn/cell/cell.0/fnode.7/combine/ReduceSum_1]:255
CONV_2D, 0.072, 0.0822, 0.0164411%, 95.8745%, 0, 1, [convolution_661]:259
RESIZE_NEAREST_NEIGHBOR, 0.004, 0.0044, 0.000880061%, 95.8754%, 0, 1, [ResizeNearestNeighbor_4]:263
SUM, 0.058, 0.0582, 0.0116408%, 95.887%, 0, 1, [onnx_tf_prefix_/fpn/cell/cell.1/fnode.0/combine/ReduceSum_1]:270
CONV_2D, 0.17, 0.1684, 0.0336823%, 95.9207%, 0, 1, [convolution_671]:274
RESIZE_NEAREST_NEIGHBOR, 0.008, 0.0084, 0.00168012%, 95.9224%, 0, 1, [ResizeNearestNeighbor_5]:278
SUM, 0.225, 0.229, 0.0458032%, 95.9682%, 0, 1, [onnx_tf_prefix_/fpn/cell/cell.1/fnode.1/combine/ReduceSum_1]:287
CONV_2D, 0.592, 0.6062, 0.121248%, 96.0894%, 0, 1, [convolution_681]:291
RESIZE_NEAREST_NEIGHBOR, 0.029, 0.0296, 0.00592041%, 96.0953%, 0, 1, [ResizeNearestNeighbor_6]:295
SUM, 0.932, 0.9638, 0.192773%, 96.2881%, 0, 1, [onnx_tf_prefix_/fpn/cell/cell.1/fnode.2/combine/ReduceSum_1]:304
CONV_2D, 2.257, 2.6058, 0.521196%, 96.8093%, 0, 1, [convolution_691]:308
PADV2, 0.142, 0.1548, 0.0309621%, 96.8403%, 0, 1, [PadV2_7]:327
CONV_2D, 12.648, 12.0196, 2.40409%, 99.2443%, 0, 1, [convolution_701]:325
RESIZE_NEAREST_NEIGHBOR, 0.122, 0.1628, 0.0325623%, 99.2769%, 0, 1, [ResizeNearestNeighbor_7]:312
SUM, 3.633, 3.6152, 0.72309%, 100%, 0, 1, [onnx_tf_prefix_/fpn/cell/cell.1/fnode.3/combine/ReduceSum_1]:321

============================== Top by Computation Time ==============================
node type, first, avg_ms, %, cdf%, mem KB, times called, name
CONV_2D, 9.425, 12.8318, 2.56654%, 2.56654%, 0, 1, [convolution_601]:207
CONV_2D, 12.902, 12.176, 2.43537%, 5.00191%, 0, 1, [convolution_861]:561
CONV_2D, 12.648, 12.0196, 2.40409%, 7.40599%, 0, 1, [convolution_701]:325
CONV_2D, 11.699, 11.3264, 2.26544%, 9.67143%, 0, 1, [convolution_781]:443
CONV_2D, 8.685, 9.602, 1.92053%, 11.592%, 0, 1, [onnx_tf_prefix_/class_net/act/Relu;convolution_91]:737
Copy (NC, X32), 0.049, 9.05171, 28.9675%, 40.5594%, 0, 16, Delegate/Copy (NC	 X32):6
CONV_2D, 8.419, 8.9842, 1.79696%, 42.3564%, 0, 1, [onnx_tf_prefix_/class_net/act_1/Relu;convolution_92]:741
transpose 4, 6.883, 6.9786, 1.39582%, 43.7522%, 0, 1, Delegate/transpose 4:3
CONV_2D, 5.373, 5.6742, 1.13492%, 44.8871%, 0, 1, [onnx_tf_prefix_/box_net/act/Relu;convolution_111]:751
convolution_2d 2 -> relu 3, 5.552, 5.55, 1.11008%, 45.9972%, 0, 1, Delegate/convolution_2d 2 -> relu 3:2

Number of nodes executed: 299
============================== Summary by node type ==============================
node type, count, avg_ms, avg %, cdf %, mem KB, times called
Copy (NC, X32), 10, 208.234, 41.6598%, 41.6598%, 0, 108
CONV_2D, 72, 134.854, 26.9792%, 68.639%, 0, 72
SUM, 32, 31.204, 6.24275%, 74.8818%, 0, 32
Transpose (ND, X32), 12, 20.965, 4.19431%, 79.0761%, 0, 186
Constant Pad (ND, X32), 4, 7.647, 1.52988%, 80.6059%, 0, 67
transpose 4, 1, 6.978, 1.39604%, 82.002%, 0, 1
Divide (ND, F32), 3, 5.799, 1.16016%, 83.1621%, 0, 65
convolution_2d 2 -> relu 3, 1, 5.55, 1.11035%, 84.2725%, 0, 1
Clamp (NC, F32), 1, 5.202, 1.04072%, 85.3132%, 0, 32
convolution_2d 152 -> add 153 -> relu 154, 1, 3.068, 0.613791%, 85.927%, 0, 1
convolution_2d 47 -> add 48 -> relu 49, 1, 2.572, 0.514561%, 86.4416%, 0, 1
convolution_2d 91 -> add 92 -> relu 93, 1, 2.551, 0.510359%, 86.9519%, 0, 1
convolution_2d 34 -> relu 35, 1, 2.521, 0.504357%, 87.4563%, 0, 1
convolution_2d 65 -> relu 66, 1, 2.457, 0.491553%, 87.9478%, 0, 1
convolution_2d 24 -> relu 25, 1, 2.337, 0.467546%, 88.4154%, 0, 1
convolution_2d 160 -> relu 161, 1, 1.83, 0.366114%, 88.7815%, 0, 1
convolution_2d 144 -> relu 145, 1, 1.617, 0.323501%, 89.105%, 0, 1
convolution_2d 124 -> relu 125, 1, 1.617, 0.323501%, 89.4285%, 0, 1
convolution_2d 149 -> relu 150, 1, 1.535, 0.307096%, 89.7356%, 0, 1
convolution_2d 129 -> relu 130, 1, 1.492, 0.298493%, 90.0341%, 0, 1
convolution_2d 83 -> relu 84, 1, 1.479, 0.295892%, 90.33%, 0, 1
convolution_2d 29 -> relu 30, 1, 1.471, 0.294292%, 90.6243%, 0, 1
convolution_2d 88 -> relu 89, 1, 1.465, 0.293091%, 90.9174%, 0, 1
convolution_2d 19 -> relu 20, 1, 1.455, 0.291091%, 91.2084%, 0, 1
convolution_2d 155 -> relu 156, 1, 1.352, 0.270484%, 91.4789%, 0, 1
transpose 6, 1, 1.351, 0.270284%, 91.7492%, 0, 1
convolution_2d 165 -> relu 166, 1, 1.338, 0.267684%, 92.0169%, 0, 1
convolution_2d 162 -> add 163 -> relu 164, 1, 1.305, 0.261081%, 92.278%, 0, 1
convolution_2d 151, 1, 1.293, 0.258681%, 92.5367%, 0, 1
convolution_2d 26 -> add 27 -> relu 28, 1, 1.289, 0.25788%, 92.7945%, 0, 1
convolution_2d 67 -> add 68 -> relu 69, 1, 1.225, 0.245076%, 93.0396%, 0, 1
convolution_2d 8, 1, 1.221, 0.244276%, 93.2839%, 0, 1
pad 5, 1, 1.19, 0.238074%, 93.522%, 0, 1
convolution_2d 77 -> add 78 -> relu 79, 1, 1.189, 0.237874%, 93.7598%, 0, 1
convolution_2d 99 -> relu 100, 1, 1.12, 0.22407%, 93.9839%, 0, 1
convolution_2d 101 -> add 102 -> relu 103, 1, 1.087, 0.217468%, 94.2014%, 0, 1
PADV2, 16, 1.068, 0.213667%, 94.4151%, 0, 16
convolution_2d 50 -> relu 51, 1, 1.007, 0.201463%, 94.6165%, 0, 1
convolution_2d 80, 1, 1.006, 0.201263%, 94.8178%, 0, 1
convolution_2d 60 -> relu 61, 1, 1.006, 0.201263%, 95.019%, 0, 1
convolution_2d 39 -> relu 40, 1, 1.005, 0.201063%, 95.2201%, 0, 1
RESIZE_NEAREST_NEIGHBOR, 15, 1.005, 0.201063%, 95.4212%, 0, 15
convolution_2d 36 -> add 37 -> relu 38, 1, 0.972, 0.194461%, 95.6156%, 0, 1
convolution_2d 16 -> add 17 -> relu 18, 1, 0.952, 0.190459%, 95.8061%, 0, 1
pooling_2d 7, 1, 0.862, 0.172454%, 95.9785%, 0, 1
convolution_2d 55 -> relu 56, 1, 0.826, 0.165252%, 96.1438%, 0, 1
convolution_2d 75 -> relu 76, 1, 0.758, 0.151647%, 96.2954%, 0, 1
convolution_2d 170 -> relu 171, 1, 0.743, 0.148646%, 96.4441%, 0, 1
convolution_2d 175, 1, 0.657, 0.131441%, 96.5755%, 0, 1
convolution_2d 90, 1, 0.634, 0.12684%, 96.7024%, 0, 1
transpose 31, 1, 0.631, 0.126239%, 96.8286%, 0, 1
convolution_2d 46, 1, 0.619, 0.123839%, 96.9524%, 0, 1
convolution_2d 94 -> relu 95, 1, 0.611, 0.122238%, 97.0747%, 0, 1
convolution_2d 197, 1, 0.61, 0.122038%, 97.1967%, 0, 1
convolution_2d 119 -> relu 120, 1, 0.61, 0.122038%, 97.3188%, 0, 1
convolution_2d 194, 1, 0.609, 0.121838%, 97.4406%, 0, 1
convolution_2d 191, 1, 0.59, 0.118037%, 97.5586%, 0, 1
Max Pooling (NHWC, F32), 1, 0.59, 0.118037%, 97.6767%, 0, 16
convolution_2d 141 -> add 142 -> relu 143, 1, 0.585, 0.117037%, 97.7937%, 0, 1
convolution_2d 57 -> add 58 -> relu 59, 1, 0.581, 0.116236%, 97.9099%, 0, 1
convolution_2d 188, 1, 0.574, 0.114836%, 98.0248%, 0, 1
convolution_2d 111 -> add 112 -> relu 113, 1, 0.514, 0.102832%, 98.1276%, 0, 1
convolution_2d 121 -> add 122 -> relu 123, 1, 0.513, 0.102632%, 98.2302%, 0, 1
convolution_2d 104 -> relu 105, 1, 0.484, 0.0968302%, 98.3271%, 0, 1
convolution_2d 114 -> relu 115, 1, 0.476, 0.0952297%, 98.4223%, 0, 1
convolution_2d 131 -> add 132 -> relu 133, 1, 0.464, 0.092829%, 98.5151%, 0, 1
convolution_2d 44 -> relu 45, 1, 0.46, 0.0920287%, 98.6072%, 0, 1
convolution_2d 109 -> relu 110, 1, 0.46, 0.0920287%, 98.6992%, 0, 1
convolution_2d 134 -> relu 135, 1, 0.447, 0.0894279%, 98.7886%, 0, 1
convolution_2d 172 -> add 173 -> relu 174, 1, 0.44, 0.0880275%, 98.8766%, 0, 1
convolution_2d 70 -> relu 71, 1, 0.432, 0.086427%, 98.9631%, 0, 1
convolution_2d 139 -> relu 140, 1, 0.352, 0.070422%, 99.0335%, 0, 1
pad 32, 1, 0.317, 0.0634198%, 99.0969%, 0, 1
transpose 21, 1, 0.291, 0.0582182%, 99.1551%, 0, 1
transpose 85, 1, 0.272, 0.054417%, 99.2095%, 0, 1
transpose 33, 1, 0.268, 0.0536167%, 99.2632%, 0, 1
pad 0, 1, 0.262, 0.0524164%, 99.3156%, 0, 1
transpose 1, 1, 0.215, 0.0430134%, 99.3586%, 0, 1
pad 22, 1, 0.208, 0.041613%, 99.4002%, 0, 1
transpose 23, 1, 0.171, 0.0342107%, 99.4344%, 0, 1
pad 86, 1, 0.164, 0.0328102%, 99.4672%, 0, 1
transpose 81 -> div 82, 1, 0.157, 0.0314098%, 99.4986%, 0, 1
transpose 87, 1, 0.134, 0.0268084%, 99.5254%, 0, 1
transpose 41, 1, 0.132, 0.0264082%, 99.5518%, 0, 1
Multiply (ND, F32), 2, 0.129, 0.0258081%, 99.5777%, 0, 2
pad 63, 1, 0.118, 0.0236074%, 99.6013%, 0, 1
transpose 62, 1, 0.1, 0.0200062%, 99.6213%, 0, 1
transpose 64, 1, 0.098, 0.0196061%, 99.6409%, 0, 1
pad 53, 1, 0.098, 0.0196061%, 99.6605%, 0, 1
convolution_2d 9 -> relu 10, 1, 0.096, 0.019206%, 99.6797%, 0, 1
pad 42, 1, 0.094, 0.0188059%, 99.6985%, 0, 1
transpose 146, 1, 0.093, 0.0186058%, 99.7171%, 0, 1
transpose 52, 1, 0.084, 0.0168052%, 99.7339%, 0, 1
pad 127, 1, 0.082, 0.0164051%, 99.7503%, 0, 1
transpose 54, 1, 0.081, 0.0162051%, 99.7665%, 0, 1
transpose 43, 1, 0.08, 0.016005%, 99.7825%, 0, 1
transpose 128, 1, 0.071, 0.0142044%, 99.7967%, 0, 1
pad 147, 1, 0.069, 0.0138043%, 99.8105%, 0, 1
transpose 126, 1, 0.065, 0.0130041%, 99.8235%, 0, 1
transpose 148, 1, 0.061, 0.0122038%, 99.8357%, 0, 1
transpose 116, 1, 0.042, 0.00840262%, 99.8441%, 0, 1
pad 73, 1, 0.039, 0.00780243%, 99.8519%, 0, 1
convolution_2d 14 -> relu 15, 1, 0.039, 0.00780243%, 99.8597%, 0, 1
transpose 72, 1, 0.034, 0.00680212%, 99.8666%, 0, 1
transpose 74, 1, 0.033, 0.00660206%, 99.8732%, 0, 1
transpose 11, 1, 0.032, 0.006402%, 99.8796%, 0, 1
pad 12, 1, 0.03, 0.00600187%, 99.8856%, 0, 1
transpose 198 -> mul 199, 1, 0.028, 0.00560175%, 99.8912%, 0, 1
transpose 195 -> div 196, 1, 0.028, 0.00560175%, 99.8968%, 0, 1
transpose 106, 1, 0.028, 0.00560175%, 99.9024%, 0, 1
pad 97, 1, 0.028, 0.00560175%, 99.908%, 0, 1
pad 117, 1, 0.027, 0.00540169%, 99.9134%, 0, 1
transpose 98, 1, 0.026, 0.00520162%, 99.9186%, 0, 1
transpose 96, 1, 0.025, 0.00500156%, 99.9236%, 0, 1
pad 158, 1, 0.025, 0.00500156%, 99.9286%, 0, 1
pad 168, 1, 0.024, 0.0048015%, 99.9334%, 0, 1
transpose 159, 1, 0.023, 0.00460144%, 99.938%, 0, 1
transpose 13, 1, 0.023, 0.00460144%, 99.9426%, 0, 1
transpose 118, 1, 0.023, 0.00460144%, 99.9472%, 0, 1
transpose 169, 1, 0.02, 0.00400125%, 99.9512%, 0, 1
transpose 157, 1, 0.02, 0.00400125%, 99.9552%, 0, 1
pad 107, 1, 0.02, 0.00400125%, 99.9592%, 0, 1
transpose 167, 1, 0.019, 0.00380119%, 99.963%, 0, 1
transpose 108, 1, 0.018, 0.00360112%, 99.9666%, 0, 1
pad 137, 1, 0.018, 0.00360112%, 99.9702%, 0, 1
transpose 138, 1, 0.016, 0.003201%, 99.9734%, 0, 1
transpose 136, 1, 0.014, 0.00280087%, 99.9762%, 0, 1
pad 177, 1, 0.013, 0.00260081%, 99.9788%, 0, 1
transpose 192 -> div 193, 1, 0.012, 0.00240075%, 99.9812%, 0, 1
transpose 189 -> div 190, 1, 0.012, 0.00240075%, 99.9836%, 0, 1
transpose 176, 1, 0.012, 0.00240075%, 99.986%, 0, 1
transpose 178, 1, 0.011, 0.00220069%, 99.9882%, 0, 1
transpose 201 -> mul 202, 1, 0.008, 0.0016005%, 99.9898%, 0, 1
pooling_2d 179, 1, 0.008, 0.0016005%, 99.9914%, 0, 1
pad 181, 1, 0.008, 0.0016005%, 99.993%, 0, 1
transpose 180, 1, 0.007, 0.00140044%, 99.9944%, 0, 1
transpose 184 -> div 185, 1, 0.005, 0.00100031%, 99.9954%, 0, 1
transpose 182, 1, 0.005, 0.00100031%, 99.9964%, 0, 1
pooling_2d 183, 1, 0.005, 0.00100031%, 99.9974%, 0, 1
div 187, 1, 0.005, 0.00100031%, 99.9984%, 0, 1
resize 200, 1, 0.004, 0.00080025%, 99.9992%, 0, 1
mul 186, 1, 0.004, 0.00080025%, 100%, 0, 1

Timings (microseconds): count=5 first=505596 curr=453521 min=453521 max=525187 avg=499965 std=24681
Memory (bytes): count=0
299 nodes observed


